# Units: Energy in GeV,  Length in mm,  Time in sec
#   Nr      Name   PID Stat   M1   M2   D1   D2        Px        Py        Pz         E      Mass         X         Y         Z         T
     1       e^+   -11    3    0    0    0    0       0E0       0E0    1.25E2    1.25E2    5.1E-4       0E0       0E0       0E0       0E0
     2       e^-    11    3    0    0    0    0       0E0       0E0   -1.25E2    1.25E2    5.1E-4       0E0       0E0       0E0       0E0
     3       e^+   -11    3    1    0    0    0       0E0       0E0    1.25E2    1.25E2       0E0       0E0       0E0       0E0       0E0
     4       e^-    11    3    2    0    0    0       0E0       0E0   -1.25E2    1.25E2       0E0       0E0       0E0       0E0       0E0
     5       e^+   -11    3    3    0    0    0       0E0       0E0    1.25E2    1.25E2       0E0       0E0       0E0       0E0       0E0
     6       e^-    11    3    4    0    0    0  -9.61E-4  4.525E-3  -1.718E1   1.718E1       0E0       0E0       0E0       0E0       0E0
     7       Z^0    23    3    5    6    0    0  -9.61E-4  4.525E-3   1.078E2   1.422E2   9.268E1       0E0       0E0       0E0       0E0
     8       e^-    11    3    7    0    0    0   3.315E0   4.565E1   6.509E1   7.957E1    5.1E-4       0E0       0E0       0E0       0E0
     9       e^+   -11    3    7    0    0    0  -3.316E0  -4.564E1   4.273E1   6.261E1    5.1E-4       0E0       0E0       0E0       0E0
    10       Z^0    23    2    7    0   13   15  -9.61E-4  4.525E-3   1.078E2   1.422E2   9.268E1       0E0       0E0       0E0       0E0
    11     gamma    22    1    4    0    0    0   9.62E-4 -4.525E-3  -1.078E2   1.078E2       0E0       0E0       0E0       0E0       0E0
    12     gamma    22    1    4    0    0    0       0E0       0E0   -1.3E-5    1.3E-5       0E0       0E0       0E0       0E0       0E0
    13       e^-    11    1    8    0    0    0   3.276E0   4.511E1   6.432E1   7.863E1    5.1E-4       0E0       0E0       0E0       0E0
    14       e^+   -11    1    9    0    0    0  -5.791E0  -3.963E1    3.54E1   5.345E1    5.1E-4       0E0       0E0       0E0       0E0
    15     gamma    22    1    9    0    0    0   2.514E0   -5.48E0     8.1E0    1.01E1       0E0       0E0       0E0       0E0       0E0
    16     gamma    22    1    1    0    0    0       0E0       0E0       0E0       0E0       0E0       0E0       0E0       0E0       0E0
    17     gamma    22    1    2    0    0    0       0E0       0E0     -9E-6      9E-6       0E0       0E0       0E0       0E0       0E0
#END
# Units: Energy in GeV,  Length in mm,  Time in sec
#    Nr      Name   PID Stat   M1   M2   D1   D2        Px        Py        Pz         E      Mass         X         Y         Z         T
     1       e^+   -11    3    0    0    0    0       0E0       0E0    1.25E2    1.25E2    5.1E-4       0E0       0E0       0E0       0E0
     2       e^-    11    3    0    0    0    0       0E0       0E0   -1.25E2    1.25E2    5.1E-4       0E0       0E0       0E0       0E0
     3       e^+   -11    3    1    0    0    0       0E0       0E0   2.321E1   2.321E1       0E0       0E0       0E0       0E0       0E0
     4       e^-    11    3    2    0    0    0       0E0       0E0  -8.978E1   8.978E1       0E0       0E0       0E0       0E0       0E0
     5       e^+   -11    3    3    0    0    0       0E0       0E0   2.321E1   2.321E1       0E0       0E0       0E0       0E0       0E0
     6       e^-    11    3    4    0    0    0       0E0       0E0  -8.978E1   8.978E1       0E0       0E0       0E0       0E0       0E0
     7       Z^0    23    3    5    6    0    0       0E0       0E0  -6.657E1    1.13E2    9.13E1       0E0       0E0       0E0       0E0
     8         c     4    3    7    0    0    0   3.262E1   1.788E1  -6.598E1   7.576E1     1.5E0       0E0       0E0       0E0       0E0
     9        c~    -4    3    7    0    0    0  -3.262E1  -1.788E1 -5.961E-1   3.724E1     1.5E0       0E0       0E0       0E0       0E0
    10       Z^0    23    2    7    0   13   23       0E0       0E0  -6.657E1    1.13E2    9.13E1       0E0       0E0       0E0       0E0
    11     gamma    22    1    1    0    0    0       0E0       0E0   1.018E2   1.018E2       0E0       0E0       0E0       0E0       0E0
    12     gamma    22    1    2    0    0    0       0E0       0E0  -3.522E1   3.522E1       0E0       0E0       0E0       0E0       0E0
    13        c~    -4    2    9    0   24   24   -1.79E1  -8.407E0   3.29E-1   1.983E1     1.5E0       0E0       0E0       0E0       0E0
    14         g    21    2    9    0   24   24  -5.491E0  -2.975E0  3.277E-1   6.254E0       0E0       0E0       0E0       0E0       0E0
    15         g    21    2    9    0   24   24  -3.785E0  -3.327E0 -2.829E-1   5.047E0       0E0       0E0       0E0       0E0       0E0
    16         g    21    2    9    0   24   24 -2.562E-1  -3.66E-1 -3.535E-1  5.697E-1       0E0       0E0       0E0       0E0       0E0
    17         g    21    2    9    0   24   24  -1.618E0  -1.706E0 -3.067E-1   2.371E0       0E0       0E0       0E0       0E0       0E0
    18         g    21    2    9    0   24   24  -2.576E0   -1.23E0 -3.788E-1   2.879E0       0E0       0E0       0E0       0E0       0E0
    19         g    21    2    9    0   24   24 -2.439E-1  3.066E-1 -3.748E-1  5.422E-1       0E0       0E0       0E0       0E0       0E0
    20         g    21    2    8    0   24   24   3.812E0  3.247E-3  -3.939E0   5.481E0       0E0       0E0       0E0       0E0       0E0
    21         g    21    2    8    0   24   24  5.523E-1  1.249E-1 -7.212E-1   9.17E-1       0E0       0E0       0E0       0E0       0E0
    22         g    21    2    8    0   24   24    6.57E0    4.28E0   -1.55E1   1.737E1       0E0       0E0       0E0       0E0       0E0
    23         c     4    2    8    0   24   24   2.093E1    1.33E1  -4.538E1   5.173E1     1.5E0       0E0       0E0       0E0       0E0
    24 generator-   92    2   13   23   25   37       0E0       0E0  -6.657E1    1.13E2    9.13E1       0E0       0E0       0E0       0E0
    25      D~^0  -421    2   24    0   38   42  -1.829E1  -9.011E0  7.715E-1   2.049E1   1.864E0       0E0       0E0       0E0       0E0
    26      pi^-  -211    1   24    0    0    0  -2.522E0  -2.037E0 -2.583E-1   3.256E0  1.396E-1       0E0       0E0       0E0       0E0
    27      pi^+   211    1   24    0    0    0  -1.195E0 -3.944E-1 -1.606E-1   1.277E0  1.396E-1       0E0       0E0       0E0       0E0
    28      pi^-  -211    1   24    0    0    0   -4.88E0  -3.647E0 -4.868E-1   6.113E0  1.396E-1       0E0       0E0       0E0       0E0
    29      K~^0  -311    2   24    0   43   43  -1.463E0 -3.187E-1  1.976E-2   1.578E0  4.977E-1       0E0       0E0       0E0       0E0
    30 K*(892)^0   313    2   24    0   44   45 -9.499E-1  -1.147E0 -1.858E-1   1.756E0  9.122E-1       0E0       0E0       0E0       0E0
    31 rho(770)^0  113    2   24    0   46   47  -2.133E0  -1.052E0  -8.24E-1   2.641E0  8.005E-1       0E0       0E0       0E0       0E0
    32      K~^0  -311    2   24    0   48   48  7.385E-2 -1.473E-1 -2.706E-1  5.899E-1  4.977E-1       0E0       0E0       0E0       0E0
    33 K*(892)^0   313    2   24    0   49   50   1.501E0  1.448E-1  -1.619E0   2.411E0  9.593E-1       0E0       0E0       0E0       0E0
    34 rho(770)^+  213    2   24    0   51   52  6.233E-1  4.104E-1   -1.22E0   1.621E0  7.626E-1       0E0       0E0       0E0       0E0
    35       K^-  -321    1   24    0    0    0   2.759E0  5.801E-2  -4.231E0   5.076E0  4.936E-1       0E0       0E0       0E0       0E0
    36       K^+   321    1   24    0    0    0   4.673E0    3.67E0  -1.057E1   1.213E1  4.936E-1       0E0       0E0       0E0       0E0
    37 D*(2007)^0  423    2   24    0   53   54   2.181E1   1.347E1  -4.754E1   5.405E1   2.007E0       0E0       0E0       0E0       0E0
    38       K^0   311    2   25    0   55   55  -9.374E0  -4.888E0  5.108E-1    1.06E1  4.977E-1     -3E-4     -1E-4       0E0      4E-4
    39      pi^-  -211    1   25    0    0    0  -2.156E0  -1.156E0  3.762E-2    2.45E0  1.396E-1     -3E-4     -1E-4       0E0      4E-4
    40      pi^+   211    1   25    0    0    0   -5.19E0  -2.215E0  3.299E-2   5.645E0  1.396E-1     -3E-4     -1E-4       0E0      4E-4
    41      pi^0   111    2   25    0   56   57   -1.38E0 -6.064E-1  1.472E-1   1.521E0   1.35E-1     -3E-4     -1E-4       0E0      4E-4
    42      pi^0   111    2   25    0   58   59  -1.95E-1 -1.459E-1   4.28E-2  2.817E-1   1.35E-1     -3E-4     -1E-4       0E0      4E-4
    43     K_S^0   310    1   29    0    0    0  -1.463E0 -3.187E-1  1.976E-2   1.578E0  4.977E-1       0E0       0E0       0E0       0E0
    44       K^0   311    2   30    0   60   60 -3.795E-1 -8.331E-1  6.868E-2   1.044E0  4.977E-1       0E0       0E0       0E0       0E0
    45      pi^0   111    2   30    0   61   62 -5.704E-1 -3.136E-1 -2.545E-1  7.118E-1   1.35E-1       0E0       0E0       0E0       0E0
    46      pi^-  -211    1   31    0    0    0  -1.673E0 -4.481E-1 -5.767E-1   1.831E0  1.396E-1       0E0       0E0       0E0       0E0
    47      pi^+   211    1   31    0    0    0 -4.603E-1 -6.039E-1 -2.473E-1  8.107E-1  1.396E-1       0E0       0E0       0E0       0E0
    48     K_L^0   130    1   32    0    0    0  7.385E-2 -1.473E-1 -2.706E-1  5.899E-1  4.977E-1       0E0       0E0       0E0       0E0
    49       K^0   311    2   33    0   63   63   1.004E0  3.053E-1  -1.425E0   1.838E0  4.977E-1       0E0       0E0       0E0       0E0
    50      pi^0   111    2   33    0   64   65  4.966E-1 -1.604E-1 -1.937E-1  5.728E-1   1.35E-1       0E0       0E0       0E0       0E0
    51      pi^+   211    1   34    0    0    0 -1.376E-1  1.545E-1 -2.339E-1   3.42E-1  1.396E-1       0E0       0E0       0E0       0E0
    52      pi^0   111    2   34    0   66   67  7.609E-1  2.559E-1 -9.866E-1   1.279E0   1.35E-1       0E0       0E0       0E0       0E0
    53       D^0   421    2   37    0   68   70    2.04E1    1.26E1  -4.418E1    5.03E1   1.864E0       0E0       0E0       0E0       0E0
    54     gamma    22    1   37    0    0    0    1.41E0  8.673E-1  -3.358E0   3.744E0       0E0       0E0       0E0       0E0       0E0
    55     K_L^0   130    1   38    0    0    0  -9.374E0  -4.888E0  5.108E-1    1.06E1  4.977E-1     -3E-4     -1E-4       0E0      4E-4
    56     gamma    22    1   41    0    0    0  -1.23E-1 -9.361E-2 -3.606E-3  1.547E-1       0E0     -3E-4     -1E-4       0E0      4E-4
    57     gamma    22    1   41    0    0    0  -1.257E0 -5.128E-1  1.509E-1   1.366E0       0E0     -3E-4     -1E-4       0E0      4E-4
    58     gamma    22    1   42    0    0    0 -1.263E-1 -1.293E-1 -2.655E-2  1.827E-1       0E0     -3E-4     -1E-4       0E0      4E-4
    59     gamma    22    1   42    0    0    0 -6.871E-2 -1.658E-2  6.936E-2  9.902E-2       0E0     -3E-4     -1E-4       0E0      4E-4
    60     K_S^0   310    1   44    0    0    0 -3.795E-1 -8.331E-1  6.868E-2   1.044E0  4.977E-1       0E0       0E0       0E0       0E0
    61     gamma    22    1   45    0    0    0 -2.356E-1 -2.056E-1 -1.298E-1  3.386E-1       0E0       0E0       0E0       0E0       0E0
    62     gamma    22    1   45    0    0    0 -3.348E-1 -1.079E-1 -1.247E-1  3.732E-1       0E0       0E0       0E0       0E0       0E0
    63     K_S^0   310    1   49    0    0    0   1.004E0  3.053E-1  -1.425E0   1.838E0  4.977E-1       0E0       0E0       0E0       0E0
    64     gamma    22    1   50    0    0    0  4.373E-1 -1.596E-1 -2.109E-1   5.11E-1       0E0       0E0       0E0       0E0       0E0
    65     gamma    22    1   50    0    0    0  5.934E-2  -8.57E-4  1.717E-2  6.178E-2       0E0       0E0       0E0       0E0       0E0
    66     gamma    22    1   52    0    0    0    2.4E-1  1.685E-2 -2.754E-1  3.657E-1       0E0       0E0       0E0       0E0       0E0
    67     gamma    22    1   52    0    0    0  5.209E-1  2.391E-1 -7.112E-1  9.134E-1       0E0       0E0       0E0       0E0       0E0
    68      mu^+   -13    1   53    0    0    0   7.051E0   4.842E0  -1.587E1   1.803E1  1.057E-1      3E-4      2E-4     -8E-4      9E-4
    69     nu_mu    14    1   53    0    0    0   8.175E0   4.228E0  -1.629E1   1.871E1       0E0      3E-4      2E-4     -8E-4      9E-4
    70       K^-  -321    1   53    0    0    0   5.172E0   3.533E0  -1.201E1   1.356E1  4.936E-1      3E-4      2E-4     -8E-4      9E-4
#END
# Units: Energy in GeV,  Length in mm,  Time in sec
#    Nr      Name   PID Stat   M1   M2   D1   D2        Px        Py        Pz         E      Mass         X         Y         Z         T
     1       e^+   -11    3    0    0    0    0       0E0       0E0    1.25E2    1.25E2    5.1E-4       0E0       0E0       0E0       0E0
     2       e^-    11    3    0    0    0    0       0E0       0E0   -1.25E2    1.25E2    5.1E-4       0E0       0E0       0E0       0E0
     3       e^+   -11    3    1    0    0    0       0E0       0E0  5.211E-1  5.211E-1       0E0       0E0       0E0       0E0       0E0
     4       e^-    11    3    2    0    0    0       0E0       0E0   -1.25E2    1.25E2       0E0       0E0       0E0       0E0       0E0
     5       e^+   -11    3    3    0    0    0       0E0       0E0  5.211E-1  5.211E-1       0E0       0E0       0E0       0E0       0E0
     6       e^-    11    3    4    0    0    0       0E0       0E0   -1.25E2    1.25E2       0E0       0E0       0E0       0E0       0E0
     7       Z^0    23    3    5    6    0    0       0E0       0E0  -1.245E2   1.255E2   1.614E1       0E0       0E0       0E0       0E0
     8         u     2    3    7    0    0    0  -2.259E0   7.725E0  -6.612E1   6.661E1    3.3E-1       0E0       0E0       0E0       0E0
     9        u~    -2    3    7    0    0    0   2.259E0  -7.725E0  -5.836E1   5.891E1    3.3E-1       0E0       0E0       0E0       0E0
    10       Z^0    23    2    7    0   13   19       0E0       0E0  -1.245E2   1.255E2   1.614E1       0E0       0E0       0E0       0E0
    11     gamma    22    1    1    0    0    0       0E0       0E0   1.245E2   1.245E2       0E0       0E0       0E0       0E0       0E0
    12     gamma    22    1    2    0    0    0       0E0       0E0       0E0       0E0       0E0       0E0       0E0       0E0       0E0
    13         u     2    2    8    0   20   20  -1.717E0   5.873E0   -5.03E1   5.067E1    3.3E-1       0E0       0E0       0E0       0E0
    14         g    21    2    9    0   20   20 -1.158E-1  9.984E-2 -4.265E-1  4.531E-1       0E0       0E0       0E0       0E0       0E0
    15         g    21    2    9    0   20   20 -9.049E-2  4.967E-1 -7.131E-1  8.737E-1       0E0       0E0       0E0       0E0       0E0
    16         g    21    2    9    0   20   20 -4.169E-1   1.45E-1  -1.909E0   1.959E0       0E0       0E0       0E0       0E0       0E0
    17         g    21    2    9    0   20   20   -3.4E-1  -1.434E0  -6.812E0    6.97E0       0E0       0E0       0E0       0E0       0E0
    18         g    21    2    9    0   20   20   1.693E0  -3.123E0  -3.313E1   3.332E1       0E0       0E0       0E0       0E0       0E0
    19        u~    -2    2    9    0   20   20  9.879E-1  -2.057E0  -3.119E1   3.127E1    3.3E-1       0E0       0E0       0E0       0E0
    20 generator-   92    2   13   19   21   29       0E0       0E0  -1.245E2   1.255E2   1.614E1       0E0       0E0       0E0       0E0
    21       p^+  2212    1   20    0    0    0 -8.736E-1   1.312E0  -1.125E1    1.14E1  9.383E-1       0E0       0E0       0E0       0E0
    22      p~^- -2212    1   20    0    0    0 -8.714E-1   2.665E0   -1.89E1   1.913E1  9.383E-1       0E0       0E0       0E0       0E0
    23   Delta^0  2114    2   20    0   30   31  1.926E-2   1.192E0  -2.007E1   2.015E1    1.31E0       0E0       0E0       0E0       0E0
    24      pi^+   211    1   20    0    0    0 -1.742E-2  3.624E-1  -4.473E0    4.49E0  1.396E-1       0E0       0E0       0E0       0E0
    25      n~^0 -2112    1   20    0    0    0 -3.867E-1 -6.464E-2  -2.427E0   2.632E0  9.396E-1       0E0       0E0       0E0       0E0
    26      pi^-  -211    1   20    0    0    0 -8.149E-2  2.437E-1  -1.066E0   1.105E0  1.396E-1       0E0       0E0       0E0       0E0
    27 eta'(958)   331    2   20    0   32   34  3.482E-1  -2.512E0  -2.758E1   2.772E1  9.575E-1       0E0       0E0       0E0       0E0
    28      pi^0   111    2   20    0   35   36  5.012E-1 -9.916E-1  -1.369E1   1.373E1   1.35E-1       0E0       0E0       0E0       0E0
    29 omega(782)  223    2   20    0   37   38   1.362E0  -2.206E0  -2.502E1   2.516E1   7.81E-1       0E0       0E0       0E0       0E0
    30       p^+  2212    1   23    0    0    0  1.166E-1  8.531E-1  -1.163E1    1.17E1  9.383E-1       0E0       0E0       0E0       0E0
    31      pi^-  -211    1   23    0    0    0 -9.732E-2  3.387E-1   -8.44E0   8.449E0  1.396E-1       0E0       0E0       0E0       0E0
    32      pi^-  -211    1   27    0    0    0  1.004E-1 -1.882E-1  -2.201E0   2.215E0  1.396E-1       0E0       0E0       0E0       0E0
    33      pi^+   211    1   27    0    0    0  8.551E-2 -9.519E-1  -9.834E0   9.881E0  1.396E-1       0E0       0E0       0E0       0E0
    34       eta   221    2   27    0   39   40  1.624E-1  -1.372E0  -1.555E1   1.562E1  5.474E-1       0E0       0E0       0E0       0E0
    35     gamma    22    1   28    0    0    0  3.512E-1 -5.961E-1  -9.069E0   9.095E0       0E0       0E0       0E0       0E0       0E0
    36     gamma    22    1   28    0    0    0    1.5E-1 -3.956E-1  -4.617E0   4.636E0       0E0       0E0       0E0       0E0       0E0
    37     gamma    22    1   29    0    0    0  8.221E-1   -1.85E0  -1.735E1   1.747E1       0E0       0E0       0E0       0E0       0E0
    38      pi^0   111    2   29    0   41   42  5.398E-1  -3.56E-1  -7.661E0    7.69E0   1.35E-1       0E0       0E0       0E0       0E0
    39     gamma    22    1   34    0    0    0 -9.085E-2 -1.245E-1  -3.589E0   3.592E0       0E0       0E0       0E0       0E0       0E0
    40     gamma    22    1   34    0    0    0  2.532E-1  -1.247E0  -1.196E1   1.203E1       0E0       0E0       0E0       0E0       0E0
    41     gamma    22    1   38    0    0    0  4.766E-1 -2.693E-1  -5.979E0   6.004E0       0E0       0E0       0E0       0E0       0E0
    42     gamma    22    1   38    0    0    0  6.325E-2 -8.665E-2  -1.683E0   1.686E0       0E0       0E0       0E0       0E0       0E0
#END
# Units: Energy in GeV,  Length in mm,  Time in sec
#    Nr      Name   PID Stat   M1   M2   D1   D2        Px        Py        Pz         E      Mass         X         Y         Z         T
     1       e^+   -11    3    0    0    0    0       0E0       0E0    1.25E2    1.25E2    5.1E-4       0E0       0E0       0E0       0E0
     2       e^-    11    3    0    0    0    0       0E0       0E0   -1.25E2    1.25E2    5.1E-4       0E0       0E0       0E0       0E0
     3       e^+   -11    3    1    0    0    0       0E0       0E0    1.25E2    1.25E2       0E0       0E0       0E0       0E0       0E0
     4       e^-    11    3    2    0    0    0       0E0       0E0  -1.692E1   1.692E1       0E0       0E0       0E0       0E0       0E0
     5       e^+   -11    3    3    0    0    0       0E0       0E0    1.25E2    1.25E2       0E0       0E0       0E0       0E0       0E0
     6       e^-    11    3    4    0    0    0       0E0       0E0  -1.692E1   1.692E1       0E0       0E0       0E0       0E0       0E0
     7       Z^0    23    3    5    6    0    0       0E0       0E0   1.081E2   1.419E2   9.199E1       0E0       0E0       0E0       0E0
     8     nu_mu    14    3    7    0    0    0   7.803E0  -1.294E1   1.211E2    1.22E2       0E0       0E0       0E0       0E0       0E0
     9    nu_mu~   -14    3    7    0    0    0  -7.803E0   1.294E1  -1.298E1   1.992E1       0E0       0E0       0E0       0E0       0E0
    10       Z^0    23    2    7    0   13   14       0E0       0E0   1.081E2   1.419E2   9.199E1       0E0       0E0       0E0       0E0
    11     gamma    22    1    1    0    0    0       0E0       0E0       0E0       0E0       0E0       0E0       0E0       0E0       0E0
    12     gamma    22    1    2    0    0    0       0E0       0E0  -1.081E2   1.081E2       0E0       0E0       0E0       0E0       0E0
    13     nu_mu    14    1    8    0    0    0   7.803E0  -1.294E1   1.211E2    1.22E2       0E0       0E0       0E0       0E0       0E0
    14    nu_mu~   -14    1    9    0    0    0  -7.803E0   1.294E1  -1.298E1   1.992E1       0E0       0E0       0E0       0E0       0E0
#END
#Units: Energy in GeV,  Length in mm,  Time in sec
#    Nr      Name   PID Stat   M1   M2   D1   D2        Px        Py        Pz         E      Mass         X         Y         Z         T
     1       e^+   -11    3    0    0    0    0       0E0       0E0    1.25E2    1.25E2    5.1E-4       0E0       0E0       0E0       0E0
     2       e^-    11    3    0    0    0    0       0E0       0E0   -1.25E2    1.25E2    5.1E-4       0E0       0E0       0E0       0E0
     3       e^+   -11    3    1    0    0    0       0E0       0E0   2.009E1   2.009E1       0E0       0E0       0E0       0E0       0E0
     4       e^-    11    3    2    0    0    0       0E0       0E0  -1.056E2   1.056E2       0E0       0E0       0E0       0E0       0E0
     5       e^+   -11    3    3    0    0    0       0E0       0E0   2.009E1   2.009E1       0E0       0E0       0E0       0E0       0E0
     6       e^-    11    3    4    0    0    0       0E0       0E0  -1.056E2   1.056E2       0E0       0E0       0E0       0E0       0E0
     7       Z^0    23    3    5    6    0    0       0E0       0E0  -8.554E1   1.257E2   9.212E1       0E0       0E0       0E0       0E0
     8         s     3    3    7    0    0    0   8.926E0   3.921E1  -1.212E1     4.2E1      5E-1       0E0       0E0       0E0       0E0
     9        s~    -3    3    7    0    0    0  -8.926E0  -3.921E1  -7.341E1   8.371E1      5E-1       0E0       0E0       0E0       0E0
    10       Z^0    23    2    7    0   13   25       0E0       0E0  -8.554E1   1.257E2   9.212E1       0E0       0E0       0E0       0E0
    11     gamma    22    1    1    0    0    0       0E0       0E0   1.049E2   1.049E2       0E0       0E0       0E0       0E0       0E0
    12     gamma    22    1    2    0    0    0       0E0       0E0  -1.938E1   1.938E1       0E0       0E0       0E0       0E0       0E0
    13        s~    -3    2    8    0   26   26 -6.423E-1   1.005E0  -1.278E0   1.818E0      5E-1       0E0       0E0       0E0       0E0
    14         g    21    2    8    0   26   26   1.915E0   5.749E0  -2.026E0    6.39E0       0E0       0E0       0E0       0E0       0E0
    15         g    21    2    8    0   26   26   2.239E0   8.306E0   -2.99E0   9.108E0       0E0       0E0       0E0       0E0       0E0
    16         s     3    2    8    0   26   26   4.362E0   2.359E1  -8.778E0   2.555E1      5E-1       0E0       0E0       0E0       0E0
    17        s~    -3    2    9    0   33   33  -2.864E0   -1.09E1   -1.99E1   2.288E1      5E-1       0E0       0E0       0E0       0E0
    18         g    21    2    9    0   33   33  -4.041E0  -1.998E1  -3.763E1   4.279E1       0E0       0E0       0E0       0E0       0E0
    19         g    21    2    8    0   33   33 -2.769E-1  -7.132E0  -1.019E1   1.244E1       0E0       0E0       0E0       0E0       0E0
    20         g    21    2    8    0   33   33  2.161E-1 -8.844E-2 -5.505E-2  2.399E-1       0E0       0E0       0E0       0E0       0E0
    21         g    21    2    8    0   33   33 -2.166E-1 -3.923E-1  -1.937E0   1.988E0       0E0       0E0       0E0       0E0       0E0
    22         g    21    2    8    0   33   33  8.555E-2  1.601E-1  1.991E-1  2.695E-1       0E0       0E0       0E0       0E0       0E0
    23         g    21    2    8    0   33   33 -2.529E-1 -5.454E-1  -1.141E0   1.289E0       0E0       0E0       0E0       0E0       0E0
    24         g    21    2    8    0   33   33 -4.398E-2  1.097E-1  2.106E-1  2.415E-1       0E0       0E0       0E0       0E0       0E0
    25         s     3    2    8    0   33   33 -4.797E-1   1.23E-1 -2.113E-2   7.04E-1      5E-1       0E0       0E0       0E0       0E0
    26 generator-   92    2   13   16   27   32   7.874E0   3.865E1  -1.507E1   4.286E1   7.378E0       0E0       0E0       0E0       0E0
    27       K^+   321    1   26    0    0    0 -5.201E-2   1.198E0  -1.034E0   1.659E0  4.936E-1       0E0       0E0       0E0       0E0
    28 rho(770)^- -213    2   26    0   43   44  5.431E-1   1.708E0 -4.809E-1   2.006E0  7.615E-1       0E0       0E0       0E0       0E0
    29  Delta~^+ -1114    2   26    0   45   46   2.651E0   1.142E1  -4.423E0   1.259E1   1.222E0       0E0       0E0       0E0       0E0
    30 rho(770)^0  113    2   26    0   47   48  1.059E-1   2.725E0  -1.065E0   3.012E0  7.067E-1       0E0       0E0       0E0       0E0
    31   Delta^0  2114    2   26    0   49   50    3.08E0   1.555E1  -6.076E0   1.702E1   1.306E0       0E0       0E0       0E0       0E0
    32       K^-  -321    1   26    0    0    0   1.546E0    6.05E0  -1.992E0   6.573E0  4.936E-1       0E0       0E0       0E0       0E0
    33 generator-   92    2   17   25   34   42  -7.874E0  -3.865E1  -7.047E1   8.285E1   1.851E1       0E0       0E0       0E0       0E0
    34 K*(892)^0   313    2   33    0   51   52  -3.369E0  -1.573E1  -2.898E1   3.315E1  8.166E-1       0E0       0E0       0E0       0E0
    35       eta   221    2   33    0   53   54   -2.32E0  -8.728E0  -1.653E1   1.884E1  5.474E-1       0E0       0E0       0E0       0E0
    36       eta   221    2   33    0   55   56 -3.233E-1  -4.984E0  -9.064E0   1.036E1  5.474E-1       0E0       0E0       0E0       0E0
    37 omega(782)  223    2   33    0   57   59 -1.327E-1  -3.342E0  -4.774E0   5.881E0  7.782E-1       0E0       0E0       0E0       0E0
    38      pi^+   211    1   33    0    0    0 -9.729E-1  -2.329E0   -5.17E0   5.755E0  1.396E-1       0E0       0E0       0E0       0E0
    39 omega(782)  223    2   33    0   60   62 -7.552E-2  -3.581E0  -4.507E0   5.809E0  7.762E-1       0E0       0E0       0E0       0E0
    40      pi^-  -211    1   33    0    0    0  2.239E-1  1.357E-1 -2.332E-1  3.774E-1  1.396E-1       0E0       0E0       0E0       0E0
    41 rho(770)^+  213    2   33    0   63   64 -9.126E-1  2.687E-1  -1.482E0   1.997E0  9.407E-1       0E0       0E0       0E0       0E0
    42       K^-  -321    1   33    0    0    0  7.529E-3 -3.613E-1  2.722E-1  6.696E-1  4.936E-1       0E0       0E0       0E0       0E0
    43      pi^-  -211    1   28    0    0    0 -1.412E-1  2.953E-1  8.767E-3  3.559E-1  1.396E-1       0E0       0E0       0E0       0E0
    44      pi^0   111    2   28    0   65   66  6.843E-1   1.413E0 -4.896E-1    1.65E0   1.35E-1       0E0       0E0       0E0       0E0
    45      n~^0 -2112    1   29    0    0    0   2.552E0   1.101E1    -4.3E0   1.213E1  9.396E-1       0E0       0E0       0E0       0E0
    46      pi^+   211    1   29    0    0    0  9.841E-2  4.071E-1 -1.231E-1  4.583E-1  1.396E-1       0E0       0E0       0E0       0E0
    47      pi^+   211    1   30    0    0    0 -6.009E-2  4.299E-1  3.516E-2  4.573E-1  1.396E-1       0E0       0E0       0E0       0E0
    48      pi^-  -211    1   30    0    0    0   1.66E-1   2.295E0    -1.1E0   2.555E0  1.396E-1       0E0       0E0       0E0       0E0
    49       p^+  2212    1   31    0    0    0   2.691E0   1.365E1  -5.587E0   1.502E1  9.383E-1       0E0       0E0       0E0       0E0
    50      pi^-  -211    1   31    0    0    0  3.887E-1   1.898E0  -4.89E-1   2.003E0  1.396E-1       0E0       0E0       0E0       0E0
    51       K^+   321    1   34    0    0    0  -2.362E0  -1.001E1  -1.834E1   2.103E1  4.936E-1       0E0       0E0       0E0       0E0
    52      pi^-  -211    1   34    0    0    0  -1.007E0  -5.719E0  -1.064E1   1.212E1  1.396E-1       0E0       0E0       0E0       0E0
    53     gamma    22    1   35    0    0    0  -1.734E0  -6.015E0  -1.099E1   1.265E1       0E0       0E0       0E0       0E0       0E0
    54     gamma    22    1   35    0    0    0 -5.856E-1  -2.713E0  -5.535E0   6.192E0       0E0       0E0       0E0       0E0       0E0
    55     gamma    22    1   36    0    0    0 -1.736E-1    -4.7E0  -8.503E0   9.717E0       0E0       0E0       0E0       0E0       0E0
    56     gamma    22    1   36    0    0    0 -1.497E-1 -2.837E-1 -5.612E-1  6.464E-1       0E0       0E0       0E0       0E0       0E0
    57      pi^+   211    1   37    0    0    0  1.742E-1 -8.127E-1 -8.989E-1   1.232E0  1.396E-1       0E0       0E0       0E0       0E0
    58      pi^-  -211    1   37    0    0    0 -2.197E-1  -1.407E0  -2.273E0   2.685E0  1.396E-1       0E0       0E0       0E0       0E0
    59      pi^0   111    2   37    0   67   68 -8.729E-2  -1.123E0  -1.602E0   1.963E0   1.35E-1       0E0       0E0       0E0       0E0
    60      pi^+   211    1   39    0    0    0  6.955E-2  -1.388E0  -1.577E0   2.107E0  1.396E-1       0E0       0E0       0E0       0E0
    61      pi^-  -211    1   39    0    0    0 -2.139E-2   -1.96E0  -2.596E0   3.256E0  1.396E-1       0E0       0E0       0E0       0E0
    62      pi^0   111    2   39    0   69   70 -1.237E-1 -2.327E-1 -3.336E-1   4.46E-1   1.35E-1       0E0       0E0       0E0       0E0
    63      pi^+   211    1   41    0    0    0  6.955E-2  1.377E-1 -6.908E-1  7.214E-1  1.396E-1       0E0       0E0       0E0       0E0
    64      pi^0   111    2   41    0   71   72 -9.821E-1   1.31E-1 -7.915E-1   1.275E0   1.35E-1       0E0       0E0       0E0       0E0
    65     gamma    22    1   44    0    0    0  6.178E-1   1.161E0 -4.035E-1   1.376E0       0E0       0E0       0E0       0E0       0E0
    66     gamma    22    1   44    0    0    0  6.655E-2  2.514E-1 -8.612E-2   2.74E-1       0E0       0E0       0E0       0E0       0E0
    67     gamma    22    1   59    0    0    0 -5.264E-2  -1.062E0  -1.522E0   1.856E0       0E0       0E0       0E0       0E0       0E0
    68     gamma    22    1   59    0    0    0 -3.465E-2 -6.096E-2 -8.061E-2  1.068E-1       0E0       0E0       0E0       0E0       0E0
    69     gamma    22    1   62    0    0    0 -1.243E-1 -1.124E-1 -1.412E-1  2.191E-1       0E0       0E0       0E0       0E0       0E0
    70     gamma    22    1   62    0    0    0   5.97E-4 -1.203E-1 -1.924E-1  2.269E-1       0E0       0E0       0E0       0E0       0E0
    71     gamma    22    1   64    0    0    0 -5.525E-1  1.116E-1 -5.188E-1  7.661E-1       0E0       0E0       0E0       0E0       0E0
    72     gamma    22    1   64    0    0    0 -4.297E-1  1.939E-2 -2.727E-1  5.092E-1       0E0       0E0       0E0       0E0       0E0
#END
# Units: Energy in GeV,  Length in mm,  Time in sec
#    Nr      Name   PID Stat   M1   M2   D1   D2        Px        Py        Pz         E      Mass         X         Y         Z         T
     1       e^+   -11    3    0    0    0    0       0E0       0E0    1.25E2    1.25E2    5.1E-4       0E0       0E0       0E0       0E0
     2       e^-    11    3    0    0    0    0       0E0       0E0   -1.25E2    1.25E2    5.1E-4       0E0       0E0       0E0       0E0
     3       e^+   -11    3    1    0    0    0       0E0       0E0    1.25E2    1.25E2       0E0       0E0       0E0       0E0       0E0
     4       e^-    11    3    2    0    0    0       0E0       0E0   -1.25E2    1.25E2       0E0       0E0       0E0       0E0       0E0
     5       e^+   -11    3    3    0    0    0       0E0       0E0    1.25E2    1.25E2       0E0       0E0       0E0       0E0       0E0
     6       e^-    11    3    4    0    0    0 -1.109E-3  -2.56E-4  -1.248E2   1.248E2       0E0       0E0       0E0       0E0       0E0
     7     nu_e~   -12    3    5    6    0    0   -4.64E1  -2.707E1  -3.265E0   5.382E1       0E0       0E0       0E0       0E0       0E0
     8      nu_e    12    3    5    6    0    0   5.338E1    2.79E0   -3.37E1   6.319E1       0E0       0E0       0E0       0E0       0E0
     9     H_1^0    25    3    5    6    0    0  -6.972E0   2.428E1   3.714E1   1.328E2    1.25E2       0E0       0E0       0E0       0E0
    10       Z^0    23    3    9    0    0    0  -8.057E0   1.642E1   1.732E1   4.529E1   3.763E1       0E0       0E0       0E0       0E0
    11       Z^0    23    3    9    0    0    0   1.085E0   7.857E0   1.981E1   8.753E1   8.489E1       0E0       0E0       0E0       0E0
    12       e^-    11    3   10    0    0    0   1.028E1   1.725E1   1.794E1   2.693E1    5.1E-4       0E0       0E0       0E0       0E0
    13       e^+   -11    3   10    0    0    0  -1.833E1 -8.292E-1 -6.193E-1   1.836E1    5.1E-4       0E0       0E0       0E0       0E0
    14       e^-    11    3   11    0    0    0   1.552E1  -1.811E1   4.345E1   4.957E1    5.1E-4       0E0       0E0       0E0       0E0
    15       e^+   -11    3   11    0    0    0  -1.444E1   2.596E1  -2.364E1   3.797E1    5.1E-4       0E0       0E0       0E0       0E0
    16     nu_e~   -12    1    7    0    0    0   -4.64E1  -2.707E1  -3.265E0   5.382E1       0E0       0E0       0E0       0E0       0E0
    17      nu_e    12    1    8    0    0    0   5.338E1    2.79E0   -3.37E1   6.319E1       0E0       0E0       0E0       0E0       0E0
    18     H_1^0    25    2    9    0   20   21  -6.972E0   2.428E1   3.714E1   1.328E2    1.25E2       0E0       0E0       0E0       0E0
    19     gamma    22    1    4    0    0    0  1.109E-3   2.56E-4 -1.705E-1  1.705E-1       0E0       0E0       0E0       0E0       0E0
    20       Z^0    23    2   10    0   24   28  -8.057E0   1.642E1   1.732E1   4.529E1   3.763E1       0E0       0E0       0E0       0E0
    21       Z^0    23    2   11    0   22   23   1.085E0   7.857E0   1.981E1   8.753E1   8.489E1       0E0       0E0       0E0       0E0
    22       e^-    11    1   14    0    0    0   1.552E1  -1.811E1   4.345E1   4.957E1    5.1E-4       0E0       0E0       0E0       0E0
    23       e^+   -11    1   15    0    0    0  -1.444E1   2.596E1  -2.364E1   3.797E1    5.1E-4       0E0       0E0       0E0       0E0
    24     gamma    22    1   12    0    0    0  1.226E-2  2.025E-2  2.158E-2  3.203E-2       0E0       0E0       0E0       0E0       0E0
    25       e^+   -11    1   13    0    0    0  -1.833E1 -8.292E-1 -6.193E-1   1.836E1    5.1E-4       0E0       0E0       0E0       0E0
    26     gamma    22    1   13    0    0    0   -1.4E-5     -3E-6      1E-6    1.5E-5       0E0       0E0       0E0       0E0       0E0
    27       e^-    11    1   12    0    0    0   1.026E1   1.723E1   1.792E1   2.689E1    5.1E-4       0E0       0E0       0E0       0E0
    28     gamma    22    1   12    0    0    0  1.654E-3  2.789E-3  2.887E-3  4.342E-3       0E0       0E0       0E0       0E0       0E0
    29     gamma    22    1    1    0    0    0       0E0       0E0       0E0       0E0       0E0       0E0       0E0       0E0       0E0
    30     gamma    22    1    2    0    0    0       0E0       0E0       0E0       0E0       0E0       0E0       0E0       0E0       0E0
#END
# Units: Energy in GeV,  Length in mm,  Time in sec
#   Nr      Name   PID Stat   M1   M2   D1   D2        Px        Py        Pz         E      Mass         X         Y         Z         T
     1       e^+   -11    3    0    0    0    0       0E0       0E0    1.25E2    1.25E2    5.1E-4       0E0       0E0       0E0       0E0
     2       e^-    11    3    0    0    0    0       0E0       0E0   -1.25E2    1.25E2    5.1E-4       0E0       0E0       0E0       0E0
     3       e^+   -11    3    1    0    0    0       0E0       0E0    1.25E2    1.25E2       0E0       0E0       0E0       0E0       0E0
     4       e^-    11    3    2    0    0    0       0E0       0E0   -1.25E2    1.25E2       0E0       0E0       0E0       0E0       0E0
     5       e^+   -11    3    3    0    0    0       0E0       0E0    1.25E2    1.25E2       0E0       0E0       0E0       0E0       0E0
     6       e^-    11    3    4    0    0    0       0E0       0E0   -1.25E2    1.25E2       0E0       0E0       0E0       0E0       0E0
     7     H_1^0    25    3    5    6    0    0  -5.244E1  -1.387E1   8.165E0   1.365E2    1.25E2       0E0       0E0       0E0       0E0
     8       Z^0    23    3    5    6    0    0   5.244E1   1.387E1  -8.165E0   1.135E2   9.936E1       0E0       0E0       0E0       0E0
     9       Z^0    23    3    7    0    0    0   -4.26E1   -8.83E0   1.162E1   1.072E2   9.733E1       0E0       0E0       0E0       0E0
    10       Z^0    23    3    7    0    0    0  -9.837E0  -5.037E0  -3.452E0   2.926E1   2.687E1       0E0       0E0       0E0       0E0
    11     tau^-    15    3    8    0    0    0   4.795E1  -3.206E1  -2.688E1   6.366E1   1.777E0       0E0       0E0       0E0       0E0
    12     tau^+   -15    3    8    0    0    0    4.49E0   4.593E1   1.872E1   4.983E1   1.777E0       0E0       0E0       0E0       0E0
    13      mu^-    13    3    9    0    0    0  -2.852E1   2.508E1   4.412E1   5.821E1  1.057E-1       0E0       0E0       0E0       0E0
    14      mu^+   -13    3    9    0    0    0  -1.408E1  -3.391E1   -3.25E1   4.903E1  1.057E-1       0E0       0E0       0E0       0E0
    15       e^-    11    3   10    0    0    0   7.995E0  -6.496E0  -4.704E0   1.132E1    5.1E-4       0E0       0E0       0E0       0E0
    16       e^+   -11    3   10    0    0    0  -1.783E1   1.459E0   1.252E0   1.794E1    5.1E-4       0E0       0E0       0E0       0E0
    17     H_1^0    25    2    7    0   20   21  -5.244E1  -1.387E1   8.165E0   1.365E2    1.25E2       0E0       0E0       0E0       0E0
    18       Z^0    23    2    8    0   22   24   5.244E1   1.387E1  -8.165E0   1.135E2   9.936E1       0E0       0E0       0E0       0E0
    19     gamma    22    1    4    0    0    0       0E0       0E0       0E0       0E0       0E0       0E0       0E0       0E0       0E0
    20       Z^0    23    2    9    0   27   31   -4.26E1   -8.83E0   1.162E1   1.072E2   9.733E1       0E0       0E0       0E0       0E0
    21       Z^0    23    2   10    0   25   26  -9.837E0  -5.037E0  -3.452E0   2.926E1   2.687E1       0E0       0E0       0E0       0E0
    22     tau^-    15    2   11    0   34   36   4.793E1  -3.205E1  -2.687E1   6.364E1   1.777E0       0E0       0E0       0E0       0E0
    23     tau^+   -15    2   12    0   37   39   4.708E0    4.45E1   1.822E1   4.835E1   1.777E0       0E0       0E0       0E0       0E0
    24     gamma    22    1   12    0    0    0 -1.982E-1   1.417E0   4.85E-1   1.511E0       0E0       0E0       0E0       0E0       0E0
    25       e^-    11    1   15    0    0    0   7.995E0  -6.496E0  -4.704E0   1.132E1    5.1E-4       0E0       0E0       0E0       0E0
    26       e^+   -11    1   16    0    0    0  -1.783E1   1.459E0   1.252E0   1.794E1    5.1E-4       0E0       0E0       0E0       0E0
    27      mu^-    13    1   13    0    0    0  -2.849E1   2.505E1   4.408E1   5.816E1  1.057E-1       0E0       0E0       0E0       0E0
    28     gamma    22    1   13    0    0    0 -7.912E-3  6.952E-3  1.171E-2  1.575E-2       0E0       0E0       0E0       0E0       0E0
    29     gamma    22    1   14    0    0    0  3.875E-2 -1.768E-1 -3.867E-1  4.269E-1       0E0       0E0       0E0       0E0       0E0
    30      mu^+   -13    1   14    0    0    0  -1.413E1  -3.368E1  -3.203E1   4.858E1  1.057E-1       0E0       0E0       0E0       0E0
    31     gamma    22    1   14    0    0    0 -6.164E-3 -3.488E-2 -5.617E-2  6.641E-2       0E0       0E0       0E0       0E0       0E0
    32     gamma    22    1    1    0    0    0       0E0       0E0       0E0       0E0       0E0       0E0       0E0       0E0       0E0
    33     gamma    22    1    2    0    0    0       0E0       0E0     -5E-6      5E-6       0E0       0E0       0E0       0E0       0E0
    34     nu_e~   -12    1   22    0    0    0   1.503E1  -1.011E1  -8.021E0   1.981E1       0E0      2E-4     -1E-4     -1E-4      2E-4
    35       e^-    11    1   22    0    0    0   1.799E1  -1.218E1  -1.105E1   2.438E1    5.1E-4      2E-4     -1E-4     -1E-4      2E-4
    36    nu_tau    16    1   22    0    0    0   1.491E1  -9.752E0  -7.796E0   1.945E1       0E0      2E-4     -1E-4     -1E-4      2E-4
    37   nu_tau~   -16    1   23    0    0    0   2.696E0   2.682E1   1.114E1   2.916E1       0E0       0E0      2E-4      1E-4      3E-4
    38 rho(770)^+  213    2   23    0   40   41   1.606E0   1.283E1   5.366E0   1.402E1  7.611E-1       0E0      2E-4      1E-4      3E-4
    39      pi^0   111    2   23    0   42   43  4.072E-1   4.845E0   1.712E0   5.156E0   1.35E-1       0E0      2E-4      1E-4      3E-4
    40      pi^+   211    1   38    0    0    0  9.101E-1   8.385E0   3.164E0    9.01E0  1.396E-1       0E0      2E-4      1E-4      3E-4
    41      pi^0   111    2   38    0   44   45  6.954E-1   4.449E0   2.202E0   5.014E0   1.35E-1       0E0      2E-4      1E-4      3E-4
    42     gamma    22    1   39    0    0    0  9.524E-2   1.353E0  4.166E-1   1.419E0       0E0       0E0      2E-4      1E-4      3E-4
    43     gamma    22    1   39    0    0    0  3.119E-1   3.492E0   1.296E0   3.738E0       0E0       0E0      2E-4      1E-4      3E-4
    44     gamma    22    1   41    0    0    0  4.803E-1   2.742E0   1.406E0   3.119E0       0E0       0E0      2E-4      1E-4      3E-4
    45     gamma    22    1   41    0    0    0  2.152E-1   1.707E0  7.954E-1   1.896E0       0E0       0E0      2E-4      1E-4      3E-4
#END
# Units: Energy in GeV,  Length in mm,  Time in sec
#    Nr      Name   PID Stat   M1   M2   D1   D2        Px        Py        Pz         E      Mass         X         Y         Z         T
     1       e^+   -11    3    0    0    0    0       0E0       0E0    1.25E2    1.25E2    5.1E-4       0E0       0E0       0E0       0E0
     2       e^-    11    3    0    0    0    0       0E0       0E0   -1.25E2    1.25E2    5.1E-4       0E0       0E0       0E0       0E0
     3       e^+   -11    3    1    0    0    0       0E0       0E0    1.25E2    1.25E2       0E0       0E0       0E0       0E0       0E0
     4       e^-    11    3    2    0    0    0       0E0       0E0   -1.25E2    1.25E2       0E0       0E0       0E0       0E0       0E0
     5       e^+   -11    3    3    0    0    0 -7.199E-2 -1.105E-3   1.248E2   1.248E2       0E0       0E0       0E0       0E0       0E0
     6       e^-    11    3    4    0    0    0       0E0       0E0   -1.25E2    1.25E2       0E0       0E0       0E0       0E0       0E0
     7     H_1^0    25    3    5    6    0    0  -3.637E1   1.251E0  -4.201E1   1.368E2    1.25E2       0E0       0E0       0E0       0E0
     8       Z^0    23    3    5    6    0    0    3.63E1  -1.252E0   4.184E1    1.13E2    9.85E1       0E0       0E0       0E0       0E0
     9       Z^0    23    3    7    0    0    0  -5.345E0  -2.262E1  -5.541E0   3.058E1   1.909E1       0E0       0E0       0E0       0E0
    10       Z^0    23    3    7    0    0    0  -3.102E1   2.387E1  -3.647E1   1.062E2   9.176E1       0E0       0E0       0E0       0E0
    11     tau^-    15    3    8    0    0    0   3.894E1  -3.934E1   4.922E1   7.409E1   1.777E0       0E0       0E0       0E0       0E0
    12     tau^+   -15    3    8    0    0    0  -2.641E0   3.808E1  -7.378E0   3.892E1   1.777E0       0E0       0E0       0E0       0E0
    13      mu^-    13    3    9    0    0    0  6.478E-2  -1.292E1  -1.208E1   1.769E1  1.057E-1       0E0       0E0       0E0       0E0
    14      mu^+   -13    3    9    0    0    0  -5.409E0  -9.705E0   6.543E0   1.289E1  1.057E-1       0E0       0E0       0E0       0E0
    15      mu^-    13    3   10    0    0    0  -3.782E1   1.332E0  -6.128E1   7.202E1  1.057E-1       0E0       0E0       0E0       0E0
    16      mu^+   -13    3   10    0    0    0     6.8E0   2.254E1    2.48E1    3.42E1  1.057E-1       0E0       0E0       0E0       0E0
    17     H_1^0    25    2    7    0   20   21  -3.637E1   1.251E0  -4.201E1   1.368E2    1.25E2       0E0       0E0       0E0       0E0
    18       Z^0    23    2    8    0   22   23    3.63E1  -1.252E0   4.184E1    1.13E2    9.85E1       0E0       0E0       0E0       0E0
    19     gamma    22    1    3    0    0    0  7.199E-2  1.105E-3   1.71E-1  1.855E-1       0E0       0E0       0E0       0E0       0E0
    20       Z^0    23    2    9    0   24   25  -5.345E0  -2.262E1  -5.541E0   3.058E1   1.909E1       0E0       0E0       0E0       0E0
    21       Z^0    23    2   10    0   26   27  -3.102E1   2.387E1  -3.647E1   1.062E2   9.176E1       0E0       0E0       0E0       0E0
    22     tau^-    15    2   11    0   30   31   3.894E1  -3.934E1   4.922E1   7.409E1   1.777E0       0E0       0E0       0E0       0E0
    23     tau^+   -15    2   12    0   32   33  -2.641E0   3.808E1  -7.378E0   3.892E1   1.777E0       0E0       0E0       0E0       0E0
    24      mu^-    13    1   13    0    0    0  6.478E-2  -1.292E1  -1.208E1   1.769E1  1.057E-1       0E0       0E0       0E0       0E0
    25      mu^+   -13    1   14    0    0    0  -5.409E0  -9.705E0   6.543E0   1.289E1  1.057E-1       0E0       0E0       0E0       0E0
    26      mu^-    13    1   15    0    0    0  -3.782E1   1.332E0  -6.128E1   7.202E1  1.057E-1       0E0       0E0       0E0       0E0
    27      mu^+   -13    1   16    0    0    0     6.8E0   2.254E1    2.48E1    3.42E1  1.057E-1       0E0       0E0       0E0       0E0
    28     gamma    22    1    1    0    0    0       0E0       0E0       0E0       0E0       0E0       0E0       0E0       0E0       0E0
    29     gamma    22    1    2    0    0    0       0E0       0E0       0E0       0E0       0E0       0E0       0E0       0E0       0E0
    30    nu_tau    16    1   22    0    0    0   3.208E1  -3.214E1    4.04E1   6.078E1       0E0      9E-4     -9E-4    1.2E-3    1.8E-3
    31 rho(770)^- -213    2   22    0   34   35   6.863E0  -7.199E0    8.82E0   1.331E1  7.239E-1      9E-4     -9E-4    1.2E-3    1.8E-3
    32   nu_tau~   -16    1   23    0    0    0  -1.63E-1    9.94E0   -2.35E0   1.022E1       0E0       0E0      1E-4       0E0      1E-4
    33 rho(770)^+  213    2   23    0   36   37  -2.478E0   2.814E1  -5.027E0   2.871E1  7.706E-1       0E0      1E-4       0E0      1E-4
    34      pi^-  -211    1   31    0    0    0   6.113E0  -6.158E0   7.544E0    1.15E1  1.396E-1      9E-4     -9E-4    1.2E-3    1.8E-3
    35      pi^0   111    2   31    0   38   39  7.503E-1  -1.041E0   1.276E0   1.815E0   1.35E-1      9E-4     -9E-4    1.2E-3    1.8E-3
    36      pi^+   211    1   33    0    0    0 -6.925E-1   4.925E0 -8.665E-1   5.051E0  1.396E-1       0E0      1E-4       0E0      1E-4
    37      pi^0   111    2   33    0   40   41  -1.785E0   2.322E1  -4.161E0   2.366E1   1.35E-1       0E0      1E-4       0E0      1E-4
    38     gamma    22    1   35    0    0    0  5.605E-2 -1.378E-1  1.141E-1  1.874E-1       0E0      9E-4     -9E-4    1.2E-3    1.8E-3
    39     gamma    22    1   35    0    0    0  6.943E-1 -9.034E-1   1.162E0   1.627E0       0E0      9E-4     -9E-4    1.2E-3    1.8E-3
    40     gamma    22    1   37    0    0    0 -3.204E-1    4.79E0 -8.846E-1   4.881E0       0E0       0E0      1E-4       0E0      1E-4
    41     gamma    22    1   37    0    0    0  -1.465E0   1.843E1  -3.276E0   1.878E1       0E0       0E0      1E-4       0E0      1E-4
#END
# Units: Energy in GeV,  Length in mm,  Time in sec
#   Nr      Name   PID Stat   M1   M2   D1   D2        Px        Py        Pz         E      Mass         X         Y         Z         T
     1       e^+   -11    3    0    0    0    0       0E0       0E0    1.25E2    1.25E2    5.1E-4       0E0       0E0       0E0       0E0
     2       e^-    11    3    0    0    0    0       0E0       0E0   -1.25E2    1.25E2    5.1E-4       0E0       0E0       0E0       0E0
     3       e^+   -11    3    1    0    0    0       0E0       0E0    1.25E2    1.25E2       0E0       0E0       0E0       0E0       0E0
     4       e^-    11    3    2    0    0    0       0E0       0E0   -1.25E2    1.25E2       0E0       0E0       0E0       0E0       0E0
     5       e^+   -11    3    3    0    0    0      2E-6    2.2E-5    1.25E2    1.25E2       0E0       0E0       0E0       0E0       0E0
     6       e^-    11    3    4    0    0    0       0E0       0E0   -1.25E2    1.25E2       0E0       0E0       0E0       0E0       0E0
     7       Z^0    23    3    5    6    0    0   4.759E1  -2.279E1   3.276E1   1.104E2    9.13E1       0E0       0E0       0E0       0E0
     8     H_1^0    25    3    5    6    0    0  -4.759E1   2.279E1  -3.276E1   1.396E2    1.25E2       0E0       0E0       0E0       0E0
     9       e^-    11    3    7    0    0    0    5.55E1   1.523E0    5.38E1   7.731E1    5.1E-4       0E0       0E0       0E0       0E0
    10       e^+   -11    3    7    0    0    0  -7.903E0  -2.431E1  -2.104E1   3.311E1    5.1E-4       0E0       0E0       0E0       0E0
    11       Z^0    23    3    8    0    0    0   -3.54E0  -3.754E0  -6.013E0   3.199E1   3.099E1       0E0       0E0       0E0       0E0
    12       Z^0    23    3    8    0    0    0  -4.405E1   2.654E1  -2.675E1   1.076E2   9.064E1       0E0       0E0       0E0       0E0
    13       e^-    11    3   11    0    0    0  -6.489E0  -1.664E1   -5.73E0   1.876E1    5.1E-4       0E0       0E0       0E0       0E0
    14       e^+   -11    3   11    0    0    0    2.95E0   1.289E1 -2.836E-1   1.323E1    5.1E-4       0E0       0E0       0E0       0E0
    15      mu^-    13    3   12    0    0    0   4.575E0    2.94E1  -4.635E1   5.508E1  1.057E-1       0E0       0E0       0E0       0E0
    16      mu^+   -13    3   12    0    0    0  -4.863E1  -2.859E0   1.961E1   5.251E1  1.057E-1       0E0       0E0       0E0       0E0
    17       Z^0    23    2    7    0   22   26   4.759E1  -2.279E1   3.276E1   1.104E2    9.13E1       0E0       0E0       0E0       0E0
    18     H_1^0    25    2    8    0   20   21  -4.759E1   2.279E1  -3.276E1   1.396E2    1.25E2       0E0       0E0       0E0       0E0
    19     gamma    22    1    3    0    0    0     -2E-6   -2.2E-5   1.44E-3   1.44E-3       0E0       0E0       0E0       0E0       0E0
    20       Z^0    23    2   11    0   29   32   -3.54E0  -3.754E0  -6.013E0   3.199E1   3.099E1       0E0       0E0       0E0       0E0
    21       Z^0    23    2   12    0   27   28  -4.405E1   2.654E1  -2.675E1   1.076E2   9.064E1       0E0       0E0       0E0       0E0
    22       e^-    11    1    9    0    0    0    5.55E1   1.523E0    5.38E1   7.731E1    5.1E-4       0E0       0E0       0E0       0E0
    23     gamma    22    1    9    0    0    0       0E0       0E0      1E-6      1E-6       0E0       0E0       0E0       0E0       0E0
    24     gamma    22    1   10    0    0    0   -2.6E-5  -1.08E-4   -8.7E-5   1.42E-4       0E0       0E0       0E0       0E0       0E0
    25       e^+   -11    1   10    0    0    0  -7.889E0  -2.427E1    -2.1E1   3.305E1    5.1E-4       0E0       0E0       0E0       0E0
    26     gamma    22    1   10    0    0    0 -1.402E-2 -4.307E-2 -3.728E-2  5.866E-2       0E0       0E0       0E0       0E0       0E0
    27      mu^-    13    1   15    0    0    0   4.575E0    2.94E1  -4.635E1   5.508E1  1.057E-1       0E0       0E0       0E0       0E0
    28      mu^+   -13    1   16    0    0    0  -4.863E1  -2.859E0   1.961E1   5.251E1  1.057E-1       0E0       0E0       0E0       0E0
    29       e^+   -11    1   14    0    0    0    2.95E0   1.289E1 -2.836E-1   1.323E1    5.1E-4       0E0       0E0       0E0       0E0
    30     gamma    22    1   13    0    0    0  -2.51E-3  -6.43E-3 -2.214E-3  7.249E-3       0E0       0E0       0E0       0E0       0E0
    31       e^-    11    1   13    0    0    0  -6.487E0  -1.664E1  -5.727E0   1.875E1    5.1E-4       0E0       0E0       0E0       0E0
    32     gamma    22    1   13    0    0    0       0E0       0E0       0E0       0E0       0E0       0E0       0E0       0E0       0E0
    33     gamma    22    1    1    0    0    0       0E0       0E0       0E0       0E0       0E0       0E0       0E0       0E0       0E0
    34     gamma    22    1    2    0    0    0       0E0       0E0       0E0       0E0       0E0       0E0       0E0       0E0       0E0
#END
# Units: Energy in GeV,  Length in mm,  Time in sec
#   Nr      Name   PID Stat   M1   M2   D1   D2        Px        Py        Pz         E      Mass         X         Y         Z         T
     1       e^+   -11    3    0    0    0    0       0E0       0E0    1.25E2    1.25E2    5.1E-4       0E0       0E0       0E0       0E0
     2       e^-    11    3    0    0    0    0       0E0       0E0   -1.25E2    1.25E2    5.1E-4       0E0       0E0       0E0       0E0
     3       e^+   -11    3    1    0    0    0       0E0       0E0    1.25E2    1.25E2       0E0       0E0       0E0       0E0       0E0
     4       e^-    11    3    2    0    0    0       0E0       0E0   -1.25E2    1.25E2       0E0       0E0       0E0       0E0       0E0
     5       e^+   -11    3    3    0    0    0   1.419E1  -1.427E1    1.17E1   2.327E1       0E0       0E0       0E0       0E0       0E0
     6       e^-    11    3    4    0    0    0       0E0       0E0  -1.183E2   1.183E2       0E0       0E0       0E0       0E0       0E0
     7       Z^0    23    3    5    6    0    0   1.419E1  -1.427E1  -1.066E2   1.415E2   9.095E1       0E0       0E0       0E0       0E0
     8         b     5    3    7    0    0    0    3.42E1  -2.905E1  -1.663E1    4.81E1     4.8E0       0E0       0E0       0E0       0E0
     9        b~    -5    3    7    0    0    0  -2.001E1   1.479E1  -8.993E1   9.344E1     4.8E0       0E0       0E0       0E0       0E0
    10       Z^0    23    2    7    0   15   21   1.419E1  -1.427E1  -1.066E2   1.415E2   9.095E1       0E0       0E0       0E0       0E0
    11     gamma    22    1    3    0    0    0  -1.419E1   1.427E1   1.053E2   1.072E2       0E0       0E0       0E0       0E0       0E0
    12     gamma    22    1    3    0    0    0  -9.96E-4    3.1E-4   1.249E0   1.249E0       0E0       0E0       0E0       0E0       0E0
    13     gamma    22    1    1    0    0    0       0E0       0E0       0E0       0E0       0E0       0E0       0E0       0E0       0E0
    14     gamma    22    1    2    0    0    0       0E0       0E0       0E0       0E0       0E0       0E0       0E0       0E0       0E0
    15         b     5    2    8    0   22   22   3.248E1  -2.452E1  -1.364E1   4.319E1     4.8E0       0E0       0E0       0E0       0E0
    16         g    21    2    8    0   22   22 -3.795E-2 -1.215E-1  5.688E-2  1.394E-1       0E0       0E0       0E0       0E0       0E0
    17         g    21    2    8    0   22   22  3.427E-1  -3.102E0   -4.44E0   5.427E0       0E0       0E0       0E0       0E0       0E0
    18         g    21    2    8    0   22   22  5.946E-1 -6.649E-1 -5.516E-1   1.049E0       0E0       0E0       0E0       0E0       0E0
    19         g    21    2    9    0   22   22  6.735E-1  1.313E-1  -1.418E0   1.575E0       0E0       0E0       0E0       0E0       0E0
    20         g    21    2    9    0   22   22  6.614E-2 -1.384E-1  -1.742E0   1.749E0       0E0       0E0       0E0       0E0       0E0
    21        b~    -5    2    9    0   22   22  -1.993E1   1.415E1  -8.483E1   8.841E1     4.8E0       0E0       0E0       0E0       0E0
    22 generator-   92    2   15   21   23   31   1.419E1  -1.427E1  -1.066E2   1.415E2   9.095E1       0E0       0E0       0E0       0E0
    23       B^-  -521    2   22    0   32   37   1.969E1  -1.571E1  -8.788E0    2.72E1   5.279E0       0E0       0E0       0E0       0E0
    24 rho(770)^0  113    2   22    0   38   39   1.034E0 -4.448E-1 -5.857E-1   1.331E0  4.035E-1       0E0       0E0       0E0       0E0
    25       eta   221    2   22    0   40   41   5.856E0   -5.28E0  -2.181E0   8.199E0  5.474E-1       0E0       0E0       0E0       0E0
    26      pi^0   111    2   22    0   42   43   4.651E0  -2.764E0   -3.01E0   6.193E0   1.35E-1       0E0       0E0       0E0       0E0
    27 rho(770)^0  113    2   22    0   44   45   1.663E0  -1.612E0 -9.449E-1   2.646E0  8.624E-1       0E0       0E0       0E0       0E0
    28 rho(770)^+  213    2   22    0   46   47   7.08E-1  -1.984E0  -1.666E0   2.771E0   6.81E-1       0E0       0E0       0E0       0E0
    29       n^0  2112    1   22    0    0    0  2.218E-2 -8.707E-1  -3.358E0   3.594E0  9.396E-1       0E0       0E0       0E0       0E0
    30      p~^- -2212    1   22    0    0    0  -1.756E0   1.754E0  -1.052E1   1.085E1  9.383E-1       0E0       0E0       0E0       0E0
    31      B*^+   523    2   22    0   48   49  -1.768E1   1.264E1  -7.551E1   7.875E1   5.325E0       0E0       0E0       0E0       0E0
    32 D*(2007)^0  423    2   23    0   50   51   6.355E0  -6.691E0  -3.703E0   1.014E1   2.007E0      1E-4     -1E-4       0E0      2E-4
    33      pi^-  -211    1   23    0    0    0   2.905E0  -1.909E0   -1.52E0   3.796E0  1.396E-1      1E-4     -1E-4       0E0      2E-4
    34      pi^+   211    1   23    0    0    0   1.267E0  -1.052E0  -3.99E-1     1.7E0  1.396E-1      1E-4     -1E-4       0E0      2E-4
    35      pi^-  -211    1   23    0    0    0   4.377E0  -2.889E0  -1.251E0   5.393E0  1.396E-1      1E-4     -1E-4       0E0      2E-4
    36      pi^0   111    2   23    0   52   53  3.506E-1 -2.484E-1 -2.446E-1  5.125E-1   1.35E-1      1E-4     -1E-4       0E0      2E-4
    37 eta'(958)   331    2   23    0   54   55   4.439E0  -2.918E0  -1.671E0    5.65E0  9.576E-1      1E-4     -1E-4       0E0      2E-4
    38      pi^+   211    1   24    0    0    0  6.501E-1 -1.597E-1 -2.384E-1  7.242E-1  1.396E-1       0E0       0E0       0E0       0E0
    39      pi^-  -211    1   24    0    0    0  3.836E-1 -2.851E-1 -3.473E-1  6.071E-1  1.396E-1       0E0       0E0       0E0       0E0
    40     gamma    22    1   25    0    0    0   4.753E0  -4.172E0  -1.955E0    6.62E0       0E0       0E0       0E0       0E0       0E0
    41     gamma    22    1   25    0    0    0   1.103E0  -1.108E0 -2.257E-1   1.579E0       0E0       0E0       0E0       0E0       0E0
    42     gamma    22    1   26    0    0    0   3.125E0  -1.913E0  -2.085E0   4.215E0       0E0       0E0       0E0       0E0       0E0
    43     gamma    22    1   26    0    0    0   1.526E0 -8.511E-1 -9.253E-1   1.977E0       0E0       0E0       0E0       0E0       0E0
    44      pi^+   211    1   27    0    0    0   1.672E0  -1.516E0  -9.93E-1    2.47E0  1.396E-1       0E0       0E0       0E0       0E0
    45      pi^-  -211    1   27    0    0    0 -8.871E-3 -9.603E-2  4.802E-2  1.763E-1  1.396E-1       0E0       0E0       0E0       0E0
    46      pi^+   211    1   28    0    0    0  3.665E-2  -1.027E0 -7.723E-1   1.293E0  1.396E-1       0E0       0E0       0E0       0E0
    47      pi^0   111    2   28    0   56   57  6.713E-1 -9.569E-1 -8.941E-1   1.478E0   1.35E-1       0E0       0E0       0E0       0E0
    48       B^+   521    2   31    0   58   60  -1.741E1   1.247E1  -7.431E1   7.751E1   5.279E0       0E0       0E0       0E0       0E0
    49     gamma    22    1   31    0    0    0 -2.714E-1  1.774E-1    -1.2E0   1.243E0       0E0       0E0       0E0       0E0       0E0
    50       D^0   421    2   32    0   61   62   5.913E0  -6.268E0   -3.49E0   9.482E0   1.864E0      1E-4     -1E-4       0E0      2E-4
    51      pi^0   111    2   32    0   63   64  4.422E-1  -4.23E-1 -2.133E-1   6.62E-1   1.35E-1      1E-4     -1E-4       0E0      2E-4
    52     gamma    22    1   36    0    0    0  1.879E-1 -5.892E-2 -7.539E-2  2.108E-1       0E0      1E-4     -1E-4       0E0      2E-4
    53     gamma    22    1   36    0    0    0  1.627E-1 -1.894E-1 -1.692E-1  3.016E-1       0E0      1E-4     -1E-4       0E0      2E-4
    54     gamma    22    1   37    0    0    0  5.644E-1 -1.247E-1 -4.931E-2  5.801E-1       0E0      1E-4     -1E-4       0E0      2E-4
    55 rho(770)^0   113    2   37    0   65   66   3.874E0  -2.794E0  -1.621E0    5.07E0  5.139E-1      1E-4     -1E-4       0E0      2E-4
    56     gamma    22    1   47    0    0    0  3.956E-1 -5.356E-1 -4.269E-1   7.91E-1       0E0       0E0       0E0       0E0       0E0
    57     gamma    22    1   47    0    0    0  2.757E-1 -4.213E-1 -4.672E-1  6.869E-1       0E0       0E0       0E0       0E0       0E0
    58       K^+   321    1   48    0    0    0  -3.183E0   1.524E0  -1.193E1   1.245E1  4.936E-1     -1E-4      1E-4     -6E-4      6E-4
    59 J/psi(1S)   443    2   48    0   67   70  -9.254E0   8.175E0  -4.422E1   4.602E1   3.097E0     -1E-4      1E-4     -6E-4      6E-4
    60 omega(782)   223    2   48    0   71   73  -4.973E0   2.767E0  -1.815E1   1.904E1  7.802E-1     -1E-4      1E-4     -6E-4      6E-4
    61      K~^0  -311    2   50    0   74   74   4.461E0  -4.029E0  -2.186E0   6.415E0  4.977E-1      1E-4     -1E-4       0E0      2E-4
    62 omega(782)   223    2   50    0   75   77   1.452E0   -2.24E0  -1.304E0   3.067E0   7.62E-1      1E-4     -1E-4       0E0      2E-4
    63     gamma    22    1   51    0    0    0  2.244E-1 -1.651E-1 -1.568E-1  3.197E-1       0E0      1E-4     -1E-4       0E0      2E-4
    64     gamma    22    1   51    0    0    0  2.178E-1 -2.579E-1 -5.646E-2  3.423E-1       0E0      1E-4     -1E-4       0E0      2E-4
    65      pi^-  -211    1   55    0    0    0   2.169E0   -1.78E0  -1.072E0   3.007E0  1.396E-1      1E-4     -1E-4       0E0      2E-4
    66      pi^+   211    1   55    0    0    0   1.706E0  -1.013E0  -5.49E-1   2.063E0  1.396E-1      1E-4     -1E-4       0E0      2E-4
    67      pi^-  -211    1   59    0    0    0  -2.151E0    2.38E0  -1.136E1   1.181E1  1.396E-1     -1E-4      1E-4     -6E-4      6E-4
    68      pi^+   211    1   59    0    0    0 -5.699E-1  3.721E-1  -2.025E0   2.141E0  1.396E-1     -1E-4      1E-4     -6E-4      6E-4
    69 K*(892)^-  -323    2   59    0   78   79  -5.123E0   3.341E0  -1.968E1   2.062E1  8.096E-1     -1E-4      1E-4     -6E-4      6E-4
    70       K^+   321    1   59    0    0    0   -1.41E0   2.083E0  -1.116E1   1.145E1  4.936E-1     -1E-4      1E-4     -6E-4      6E-4
    71      pi^-  -211    1   60    0    0    0  -1.418E0  6.843E-1  -4.549E0   4.816E0  1.396E-1     -1E-4      1E-4     -6E-4      6E-4
    72      pi^+   211    1   60    0    0    0 -8.901E-1  3.339E-1  -3.406E0   3.539E0  1.396E-1     -1E-4      1E-4     -6E-4      6E-4
    73      pi^0   111    2   60    0   80   81  -2.664E0   1.749E0   -1.02E1   1.069E1   1.35E-1     -1E-4      1E-4     -6E-4      6E-4
    74     K_S^0   310    1   61    0    0    0   4.461E0  -4.029E0  -2.186E0   6.415E0  4.977E-1      1E-4     -1E-4       0E0      2E-4
    75      pi^+   211    1   62    0    0    0  7.349E-1  -1.531E0 -8.473E-1   1.903E0  1.396E-1      1E-4     -1E-4       0E0      2E-4
    76      pi^-  -211    1   62    0    0    0  5.644E-1 -5.423E-1 -4.166E-1  8.977E-1  1.396E-1      1E-4     -1E-4       0E0      2E-4
    77      pi^0   111    2   62    0   82   83  1.527E-1  -1.66E-1 -3.988E-2  2.659E-1   1.35E-1      1E-4     -1E-4       0E0      2E-4
    78      K~^0  -311    2   69    0   84   84  -2.774E0   1.594E0  -1.051E1   1.099E1  4.977E-1     -1E-4      1E-4     -6E-4      6E-4
    79      pi^-  -211    1   69    0    0    0   -2.35E0   1.747E0  -9.169E0   9.626E0  1.396E-1     -1E-4      1E-4     -6E-4      6E-4
    80     gamma    22    1   73    0    0    0  -1.619E0   1.128E0  -6.189E0   6.496E0       0E0     -1E-4      1E-4     -6E-4      6E-4
    81     gamma    22    1   73    0    0    0  -1.045E0  6.208E-1   -4.01E0    4.19E0       0E0     -1E-4      1E-4     -6E-4      6E-4
    82     gamma    22    1   77    0    0    0   1.04E-1 -2.947E-2  1.837E-2  1.096E-1       0E0      1E-4     -1E-4       0E0      2E-4
    83     gamma    22    1   77    0    0    0  4.871E-2 -1.366E-1 -5.825E-2  1.563E-1       0E0      1E-4     -1E-4       0E0      2E-4
    84     K_S^0   310    1   78    0    0    0  -2.774E0   1.594E0  -1.051E1   1.099E1  4.977E-1     -1E-4      1E-4     -6E-4      6E-4
#END
